        491
   46202173
  690436592
 1355907567
 1362694421
-1417039687
 -655943773
  339962265
 -618553970
  207227188
 -325322784
  196940166
  766861341
 1796492481
  922735593
 1404235330
 -914168472
 1329837743
 1417532369
-1615746788
 1764780560
 1859793271
 -343010287
 1376161263
 1573421746
  604767122
  989208253
  -26909879
 -324779282
 1659965147
  863565353
  196773417
-1897012234
 -331463319
 -551749357
  168930959
 1596576052
  509002800
 1432758521
 2057203184
  801756714
  117502062
   84114845
   20067958
 2086996925
 -341139616
 1896946238
 -593846145
  699031476
-1111518397
 -931048773
-1946864325
-1033987256
 -193947811
-1276682704
-2058970811
  181539769
  452016476
 1449036378
  294886146
 1201918691
 1476483731
  688861600
 2064422332
-1155962655
 1912870855
-1934076611
-1892372003
-1420861232
  393290844
 -901525139
 -245443121
-1852249869
  653509008
  832043818
 -923083985
  702168797
-1485996324
 1115041894
-1808215327
  328106327
 -671905637
 1813135356
  270355266
 -849617312
 1401780035
  460605734
-1139746226
   76525819
  917301475
 -555533899
  921080814
 1165133272
 1892733703
 -136965962
  644411739
-1110519152
  562123229
-1897724915
-1826330650
 1821213626
  860579672
 -938460488
-1580566501
-1112131870
 -158597287
-1053318699
 1809618259
  710391032
-1291632192
-1943185025
  271606738
  849112776
  325858773
 1813613852
  555414305
-1022098625
  745064267
-1793107817
  615270989
-1399839709
-1994976755
-1941913006
  483930930
 1583564026
  102385879
-1216120598
 1601999003
 1116855492
  514990787
 -308890948
-1531922342
 1064079081
    2042993
 1296109814
-1279978209
 -717978707
-1625893422
  -27314370
   60057528
  671039447
 1295991699
 2066435328
  366510639
  193934571
-1769904500
 1749246748
 -157776992
 1927213341
 2135416973
  348617289
-1806004793
 -241709265
-1757789037
-1094502449
 1650020921
-1563824436
 1997696415
-2012405565
-1142931807
  467506636
 1119731939
 -831406547
 1480833768
 -116974771
-1253543477
 -463520829
  544712666
-1608219924
-1061022281
  744652256
  404425783
 -738861249
-1942589980
-1926442125
 1305863891
-1818076897
-1299035227
  241804668
-1667587637
  463184139
  527334919
 -702857082
 -659773834
-1788256639
  833602586
-1645899556
 -402735309
 -126387603
 -976336046
-1025689701
 -579697810
  136309583
  398956075
 -364306940
 -762904620
   31532246
-1861185994
 1310811093
-1370291600
  120009067
 -335791926
 -949121841
  -38248363
-1670584244
  419139491
 -347607495
-1618787567
-1795108882
-1609100860
 1415864882
  808175503
 -261660251
  869957065
-1539929278
 1746385761
 -646859605
 -982486146
 -249595084
  -22500231
 -872356507
  228652586
  -96607640
 1542391361
 1403771725
-2030816962
  628623524
 1843473816
  775264702
  441485730
  647573768
-1775935486
  -16894772
 -854046013
-1611824055
-1448883645
-1753324935
 1961609214
  314842582
 -364831433
-1325433194
   99009425
-1489740163
  234036543
 -521656935
 1980213334
  608255484
 -628738301
 1159298721
 1590199924
 -355490823
   46107048
  570687022
  880645954
  868903892
  629680945
  140362201
-1209616503
 1762744363
 1991458424
 -798368103
 1956619679
  258512589
-1209222693
 -190190510
 -463599976
 -792823127
  817372128
 2052889243
 2054896076
  224362592
  457574277
 1517191889
 1300966106
  608809327
 -922534327
-1136760413
-1486026015
-1215445547
  347377010
-1287948989
  487926294
 1546705572
 -391134654
 -304444619
  181785502
 -167359565
 -907097379
 1044217237
 1161234946
  -36495104
 1400199653
-1415150671
 -465587401
 1004550620
 -764932089
  708349997
-1035896487
-1179992149
  798294781
 -331131410
 1316603917
  638428691
-1303060210
 1779889888
-1604236104
-2119511887
  849750874
 1705436040
  173801738
  610840732
  348025690
 1284087645
-1392038480
  154634371
 1283745141
 -233721687
 1374236670
 -556679101
 -934096120
-1912917629
-1402818743
 1843959256
  519779826
 -983159822
-1873844052
  933864666
 1386936840
 -863386414
  841078831
 -541246103
 1474749760
 1679246035
-1849111356
-1476786017
 2098141530
-1137213606
 2017052044
 2000607868
-1596524450
-2110532549
 2022210205
   47578169
-1731758582
-1090848585
 -648790577
  663231638
 1330940532
-1136758030
  994865500
  513885059
  892693259
 1264033544
-1253515787
  526191372
  300863215
 1962456303
  166490458
 1764387567
 1523473643
 -547256645
 1407679033
  566035859
   62095077
-1354195539
-1011330586
 1379620848
 -151698905
  754105435
-1898749302
 -408448953
 1152178073
 -276125153
-1499605002
-1789236441
  709366647
-1289469392
 -341876493
-1659067351
 -319327654
  445347466
 -670663112
 1552175047
  961457459
 -329275471
-2017011201
  663148368
 2098695714
 1420736993
 1982621631
-1727983196
-1539215814
 -392784491
-1558437740
 1362946277
  955207680
 -793550554
-1106367286
 1158625841
  398108621
 2090258804
  458557395
 1710626240
  193884211
 1342044666
-1359592660
  639771844
 2008492576
   94968275
  446803618
-1826346087
 -361411316
  799011604
 -937238549
-1583455224
-1595614422
 -907790941
  477258525
-1350199288
 -883627362
 -220048829
 -298507157
 2069230594
  721681072
 1983202194
 -498371992
 1887924101
  750041693
  306513572
 1063004815
 1900244632
  799187844
  532264792
    7268176
  408568784
   63040381
 -562488750
  663414662
-2047456982
 -225468821
-1133889579
  942850542
  664372373
 -115003172
-1261919720
-1962582004
 2094116688
-1577272262
 1090580776
 1058159628
 1427196246
-1191478934
-1375093629
 -436508553
-1816958093
-1933679654
-1400379074
 1131914068
  445474211
 1947652515
 1729268206
  909508100
-1417815200
  627998211
-1178677068
 1153532798
-1257278149
-1091818866
-1451636252
 -314016303
  345719847
 -276411692
 -148634608
  301479594
-1941131922
-1058104078
  289481671
 1400772433
  231747406
-1677491690
 1157295421
 1887949178
 2077090842
  -71709434
-1288763409
  252243281
  806703587
-1474658203
-1157924419
 1582795654
-1766842863
-1177027685
  367217231
 2016151305
  184958510
 1885707493
 1931111464
 1208567125
  999831410
 1634932479
  696333225
-2048482037
 -576129544
-1144911928
  585866028
 1665210298
-2090563369
-1050056056
 1430098433
-1641024916
 -216353320
 -881298216
 1229579733
-1697069197
 1213666446
 -311495934
 -422048393
 -758762470
  -94504809
 1379226357
 -704933851
 2058791072
 1424398254
-1808823929
 -901347405
  200082885
-1480574068
-1164443352
-2110596743
  846895855
   -7771495
  129275686
 -546188947
  317024285
 1695781965
-1893505598
  257179238
 1890308708
-1210745617
 2052997151
  239131261
-1614114434
-1807649989
 1714578295
 -975016378
-1573591118
  223751048
 -972780563
-1593647168
 2110614945
  341777112
-1049087127
 -431639905
-1595436471
 1104244810
 1330860191
-1892339705
 1400231163
 1607736125
  497517414
-1952235656
-1463188559
 -906111122
 1011119928
  703205583
  945736979
  230490363
  842172703
  522554484
 1540416884
 1283153182
-1432557765
 -248116061
 -785805474
 1242570810
 1411030306
 2082573828
 2069000993
  624318395
-1811466974
-1262084575
 -590816076
-1306509498
-2139738639
  657352334
 2008474198
  876401715
  107461965
   59768376
  883520763
 -636470091
 -806710338
-1522890515
  441396118
   54076140
  392618867
  858079226
 1731102948
 -516941751
-2034875768
    8306648
-1635994160
-2040861288
-1122486521
  166679279
 1353034099
 -344031040
 1933096207
  730475630
 1265002186
 1653945794
-1228454793
-1833278253
 -515112363
  163810862
  248990534
-1365880464
 -206561234
  924533192
-2003534776
  -72494730
-1903891123
 -263655324
 -734884135
  644276875
